Root: 11430
12505
16081
16204
42321
993094
13401
41543
15852
17165
15497
43584
16083
16541
39967
16475
15893
16444
14276
16712
14508
14239
16217
14929
13610
15976
15270
16424
15355
16681
16890
14898
14967
16674
12368
16855
15655
16219
11079
41268
12339
13740
16479
16540
16385
12370
993423
12209
16535
12293
16397
16148
16777
14888
13527
16016
13441
17058
14457
16105
12159
17328
16352
17084
12646
15277
16824
15854
43422
11617
17091
16302
13332
15856
40797
16040
16067
13440
16622
13685
13921
41317
14795
16826
12222
16805
16651
16218
16956
15971
13442
16387
14197
16875
14535
12126
12558
13261
12257
16592
16796
16195
16515
13166
16766
17229
11948
15618
16810
13917
16103
15730
16061
15586
13437
16229
11127
17215
16799
13811
12198
16349
11602
15651
12930
13220
14507
13886
16480
17129
41542
14040
16426
16653
16579
14747
15413
14455
16267
993424
12161
11431
13526
16980
41000
9637
16101
13485
16933
13781
16310
16322
40998
15186
16063
17050
11986
41012
13813
12420
15239
12223
16889
16037
43424
16692
11987
15619
16248
11788
33731
11607
14927
16798
15495
16654
14125
16655
16988
16351
41805
15451
33728
16955
14497
14470
16636
13960
14356
16379
15149
40995
15617
17128
15868
16460
16857
40842
41003
16149
15913
11877
15786
14794
14087
16647
12849
16917
15151
16737
13689
13322
11306
13703
16332
13959
41364
11909
13366
16065
15394
15787
11558
993422
13845
13924
42883
16104
10845
14471
15306
16247
14042
16355
17198
42724
43301
16190
16679
12708
12197